-0.072929 -0.209653 -0.0360919 -0.0616459 -0.237437 0.963458 
-0.0186802 -0.210687 -0.0387611 -0.0103174 -0.2342 0.960927 
0.523924 -0.208782 0.218152 -0.0636865 -0.195225 1.02718 
0.574971 -0.210802 0.25293 -0.0109213 -0.196523 1.06319 
0.944606 -0.262072 0.769207 -0.0191522 -0.220527 1.03273 
0.961002 -0.266662 0.828012 -0.00337191 -0.224475 1.08917 
0.774659 -0.315704 1.61106 -0.0073761 -0.218414 0.995468 
0.737442 -0.317425 1.6583 -0.0444062 -0.220032 1.04249 
0.0950192 -0.331895 2.08119 0.0358819 -0.252448 1.08611 
0.0318867 -0.332061 2.08541 -0.027037 -0.252535 1.09032 
-0.595612 -0.320796 1.84909 0.0528968 -0.22884 1.09346 
-0.643067 -0.320279 1.80895 0.00583439 -0.229761 1.05348 
-1.04099 -0.293827 1.27697 -0.0736736 -0.229261 1.03175 
-1.0532 -0.290142 1.22027 -0.0854294 -0.226708 0.976566 
-0.830695 -0.239561 0.457557 -0.0290068 -0.226825 1.05516 
-0.791243 -0.235947 0.404017 0.0107591 -0.223394 1.00121 
-0.0697535 0.00288481 -0.0119928 -0.059458 -0.000931637 0.987947 
-0.0057776 0.00228119 -0.013721 0.00107146 -0.00171089 0.986248 
0.542941 -0.00669291 0.240772 -0.128519 -0.0156817 0.981759 
0.592967 -0.00817488 0.282081 -0.0779593 -0.0183145 1.02354 
0.955002 -0.049482 0.77924 -0.00242776 -0.0381858 1.06768 
0.971579 -0.0525226 0.838006 0.0130446 -0.0412239 1.12276 
0.776176 -0.101079 1.62417 0.0215971 -0.0407019 0.970743 
0.735465 -0.107004 1.67127 -0.019209 -0.0461163 1.018 
0.0936157 -0.118155 2.10107 0.264084 -0.000761702 1.12273 
0.0303434 -0.117352 2.10429 0.200672 0.000182687 1.12593 
-0.599285 -0.109558 1.85543 0.0299274 -0.000830447 1.08584 
-0.650211 -0.10719 1.8109 -0.0186741 0.00109438 1.04315 
-1.04496 -0.0758884 1.29586 -0.0639749 -0.00144934 1.11661 
-1.05663 -0.0715278 1.2352 -0.0761858 0.0045125 1.05368 
-0.830916 -0.0192944 0.45818 -0.0494425 -0.0210865 1.08212 
-0.794584 -0.0163498 0.40949 -0.0141099 -0.0193761 1.03467 
-0.0763018 0.23473 0.000489906 -0.214363 0.163344 0.988338 
-0.0119023 0.233006 -0.0018163 -0.152364 0.159697 0.985552 
0.54782 0.224026 0.254934 -0.125975 0.139259 0.988974 
0.598247 0.221619 0.295845 -0.0774515 0.137401 1.0282 
0.951645 0.183245 0.788935 -0.028724 0.174764 0.985925 
0.968089 0.179172 0.849681 -0.0126468 0.168496 1.04473 
0.778406 0.132114 1.64254 -0.0214357 0.167832 1.0434 
0.74185 0.128271 1.69003 -0.056287 0.166269 1.08875 
0.0913817 0.111911 2.11772 0.198056 0.155305 1.12437 
0.0274455 0.113385 2.12162 0.139438 0.155101 1.12879 
-0.605318 0.122231 1.85982 -0.0328229 0.181302 1.04204 
-0.654223 0.125053 1.82037 -0.0808975 0.183989 1.00316 
-1.04993 0.157514 1.30399 -0.0616045 0.1803 1.15334 
-1.06026 0.160526 1.24052 -0.0714148 0.181295 1.09305 
-0.836417 0.210516 0.489127 0.00750564 0.172656 1.02425 
-0.800149 0.213373 0.428335 0.0459791 0.175278 0.959952 
-0.857505 -0.239418 1.56402 -0.0187488 -0.271271 1.02044 
-0.85976 -0.166272 1.56897 -0.0218531 -0.200072 1.0242 
0.424361 -0.209994 2.01884 -0.0587478 -0.0799247 1.153 
0.424031 -0.142489 2.02224 -0.0571864 -0.0138597 1.15513 
0.969204 -0.184267 1.25186 -0.0239129 -0.127922 1.14918 
0.972473 -0.114011 1.25654 -0.0206904 -0.057636 1.15433 
0.195153 -0.119666 0.0394204 0.123862 -0.245323 1.02893 
0.196031 -0.0531639 0.039223 0.119937 -0.173446 1.02904 
0.948335 -0.189092 1.32802 0.0324375 -0.138452 0.929816 
0.951272 -0.1193 1.33359 0.0348208 -0.0700365 0.936492 
0.349374 -0.212359 2.05068 0.116975 0.0896784 1.12615 
0.351137 -0.1417 2.05849 0.115561 0.15407 1.13273 
