-0.072929 -0.209653 -0.0360919 0.926799 -0.229724 -0.0479349 
-0.0191686 -0.213343 -0.0352382 0.98078 -0.223387 -0.0338949 
0.523924 -0.208782 0.218152 1.33237 -0.240571 0.805868 
0.572227 -0.213026 0.255672 1.36783 -0.233141 0.861153 
0.944606 -0.262072 0.769207 1.2046 -0.337107 1.7319 
0.961814 -0.269464 0.826609 1.23019 -0.332817 1.78784 
0.774659 -0.315704 1.61106 0.154345 -0.341726 2.39498 
0.737241 -0.318295 1.65713 0.102422 -0.358047 2.42877 
0.0950192 -0.331895 2.08119 -0.903218 -0.331602 2.14054 
0.0329875 -0.3324 2.08252 -0.965881 -0.312678 2.12579 
-0.595612 -0.320796 1.84909 -1.35494 -0.312263 1.19844 
-0.640935 -0.321263 1.80665 -1.40233 -0.314667 1.15839 
-1.04099 -0.293827 1.27697 -1.29029 -0.228394 0.310758 
-1.05557 -0.290125 1.22056 -1.29824 -0.21514 0.253358 
-0.830695 -0.239561 0.457557 -0.234505 -0.184601 -0.343403 
-0.790691 -0.236843 0.403967 -0.186124 -0.176228 -0.390278 
-0.0697535 0.00288481 -0.0119928 0.930182 -0.00187832 -0.0223063 
-0.00594239 0.00191808 -0.010007 0.993726 -0.00955439 0.0130352 
0.542941 -0.00669291 0.240772 1.28386 -0.0331227 0.911849 
0.586867 -0.00995701 0.289252 1.3239 -0.0552421 0.963588 
0.955002 -0.049482 0.77924 1.24263 -0.0969518 1.73581 
0.973614 -0.052332 0.836602 1.22548 -0.0931424 1.8035 
0.776176 -0.101079 1.62417 0.120154 -0.194317 2.37313 
0.733978 -0.112055 1.66872 0.0578455 -0.195805 2.40072 
0.0936157 -0.118155 2.10107 -0.891705 -0.088601 1.93294 
0.0341375 -0.117275 2.07508 -0.949106 -0.088645 1.89504 
-0.599285 -0.109558 1.85543 -1.37515 -0.0804167 1.22521 
-0.651773 -0.109479 1.81215 -1.43324 -0.0528931 1.19078 
-1.04496 -0.0758884 1.29586 -1.22942 -0.0056577 0.315536 
-1.05405 -0.0751055 1.23457 -1.22417 -0.0459128 0.249581 
-0.830916 -0.0192944 0.45818 -0.207586 0.0271418 -0.3224 
-0.791354 -0.0175678 0.411568 -0.172595 0.0224283 -0.372994 
-0.0763018 0.23473 0.000489906 0.913997 0.208967 0.137032 
-0.0146035 0.231146 0.0223424 0.972225 0.226799 0.184055 
0.54782 0.224026 0.254934 1.28585 0.195532 0.9291 
0.59169 0.220505 0.302898 1.33346 0.218422 0.973546 
0.951645 0.183245 0.788935 1.14877 0.11821 1.76716 
0.960782 0.178225 0.851064 1.14294 0.13908 1.83355 
0.778406 0.132114 1.64254 0.178343 0.0624159 2.43945 
0.746316 0.125796 1.69005 0.15422 0.0547882 2.49278 
0.0913817 0.111911 2.11772 -0.902477 0.146132 2.01248 
0.0304222 0.113817 2.09981 -0.964508 0.112347 1.99925 
-0.605318 0.122231 1.85982 -1.42521 0.158199 1.28843 
-0.658297 0.122781 1.82599 -1.47193 0.173732 1.24685 
-1.04993 0.157514 1.30399 -1.20151 0.204809 0.316673 
-1.05643 0.159014 1.24007 -1.21947 0.21956 0.255312 
-0.836417 0.210516 0.489127 -0.300059 0.250233 -0.353928 
-0.800849 0.21235 0.428341 -0.249615 0.259674 -0.404666 
-0.857505 -0.239418 1.56402 -0.810553 0.759382 1.57794 
-0.845076 -0.166603 1.55836 -0.773837 0.830841 1.55282 
0.424361 -0.209994 2.01884 0.475501 0.781414 2.13924 
0.431558 -0.144194 2.03277 0.473147 0.848166 2.14893 
0.969204 -0.184267 1.25186 1.01784 0.811649 1.32792 
0.973012 -0.113698 1.25806 1.00215 0.882927 1.3348 
0.195153 -0.119666 0.0394204 0.187579 0.872406 0.164857 
0.193459 -0.0538749 0.0552445 0.184288 0.933924 0.210711 
0.948335 -0.189092 1.32802 0.971371 0.807914 1.40183 
0.947319 -0.119159 1.33242 0.917021 0.879263 1.3797 
0.349374 -0.212359 2.05068 0.420048 0.740933 2.34435 
0.358578 -0.149338 2.08745 0.425107 0.812144 2.35415 
