-0.072929 -0.209653 -0.0360919 -0.0525382 0.78976 -0.00854199 
-0.0186802 -0.210687 -0.0387611 0.0016566 0.788833 -0.0154222 
0.523924 -0.208782 0.218152 0.55761 0.790621 0.225872 
0.574971 -0.210802 0.25293 0.609252 0.788585 0.260106 
0.944606 -0.262072 0.769207 1.00437 0.734243 0.830721 
0.961002 -0.266662 0.828012 1.02124 0.729627 0.889503 
0.774659 -0.315704 1.61106 0.834908 0.679212 1.69176 
0.737442 -0.317425 1.6583 0.79795 0.677489 1.73883 
0.0950192 -0.331895 2.08119 0.100026 0.664944 2.16048 
0.0318867 -0.332061 2.08541 0.0370483 0.664772 2.16477 
-0.595612 -0.320796 1.84909 -0.648995 0.67493 1.92445 
-0.643067 -0.320279 1.80895 -0.695536 0.67558 1.8832 
-1.04099 -0.293827 1.27697 -1.08733 0.701939 1.35636 
-1.0532 -0.290142 1.22027 -1.09858 0.705699 1.29927 
-0.830695 -0.239561 0.457557 -0.87374 0.758847 0.494024 
-0.791243 -0.235947 0.404017 -0.834107 0.762464 0.440595 
-0.0697535 0.00288481 -0.0119928 -0.0649513 1.00287 -0.00822561 
-0.0057776 0.00228119 -0.013721 -0.00104292 1.00226 -0.0097613 
0.542941 -0.00669291 0.240772 0.556493 0.992917 0.265179 
0.592967 -0.00817488 0.282081 0.605853 0.991421 0.307411 
0.955002 -0.049482 0.77924 0.9795 0.949327 0.821439 
0.971579 -0.0525226 0.838006 0.995901 0.946289 0.880248 
0.776176 -0.101079 1.62417 0.760471 0.892733 1.73413 
0.735465 -0.107004 1.67127 0.720182 0.886779 1.78155 
0.0936157 -0.118155 2.10107 0.102791 0.874491 2.22178 
0.0303434 -0.117352 2.10429 0.0395582 0.875275 2.22514 
-0.599285 -0.109558 1.85543 -0.645381 0.884086 1.95813 
-0.650211 -0.10719 1.8109 -0.696131 0.886495 1.91328 
-1.04496 -0.0758884 1.29586 -1.10534 0.918861 1.37849 
-1.05663 -0.0715278 1.2352 -1.11844 0.923118 1.31803 
-0.830916 -0.0192944 0.45818 -0.85849 0.979625 0.495586 
-0.794584 -0.0163498 0.40949 -0.82115 0.982575 0.447489 
-0.0763018 0.23473 0.000489906 -0.0605988 1.23185 0.0747404 
-0.0119023 0.233006 -0.0018163 0.00313936 1.22999 0.0743462 
0.54782 0.224026 0.254934 0.511588 1.22002 0.336694 
0.598247 0.221619 0.295845 0.562146 1.21766 0.377077 
0.951645 0.183245 0.788935 0.95616 1.18109 0.854366 
0.968089 0.179172 0.849681 0.970291 1.17701 0.91537 
0.778406 0.132114 1.64254 0.765111 1.12904 1.71972 
0.74185 0.128271 1.69003 0.730207 1.12512 1.76848 
0.0913817 0.111911 2.11772 0.120809 1.11038 2.16449 
0.0274455 0.113385 2.12162 0.0569843 1.11192 2.16691 
-0.605318 0.122231 1.85982 -0.609656 1.11984 1.92884 
-0.654223 0.125053 1.82037 -0.658367 1.12266 1.8894 
-1.04993 0.157514 1.30399 -1.0653 1.15613 1.35418 
-1.06026 0.160526 1.24052 -1.07378 1.15918 1.29053 
-0.836417 0.210516 0.489127 -0.825753 1.20901 0.542951 
-0.800149 0.213373 0.428335 -0.789748 1.21181 0.483326 
-0.857505 -0.239418 1.56402 -0.315025 -0.276616 2.40326 
-0.85976 -0.166272 1.56897 -0.316121 -0.203586 2.40746 
0.424361 -0.209994 2.01884 1.29843 -0.196108 1.53323 
0.424031 -0.142489 2.02224 1.29919 -0.128634 1.53861 
0.969204 -0.184267 1.25186 1.07575 -0.113728 0.26006 
0.972473 -0.114011 1.25654 1.07855 -0.0435701 0.264683 
0.195153 -0.119666 0.0394204 -0.802274 -0.118218 -0.0322563 
0.196031 -0.0531639 0.039223 -0.801044 -0.0511351 -0.0371822 
0.948335 -0.189092 1.32802 1.34909 -0.130664 0.413698 
0.951272 -0.1193 1.33359 1.35082 -0.0609853 0.418739 
0.349374 -0.212359 2.05068 1.31942 -0.209452 1.80779 
0.351137 -0.1417 2.05849 1.32052 -0.138061 1.81297 
