-0.072929 -0.209653 -0.0360919 0.926799 -0.229724 -0.0479349 
-0.0186802 -0.210687 -0.0387611 0.981078 -0.230823 -0.0475981 
0.523924 -0.208782 0.218152 1.33237 -0.240571 0.805868 
0.574971 -0.210802 0.25293 1.38463 -0.242783 0.838952 
0.944606 -0.262072 0.769207 1.2046 -0.337107 1.7319 
0.961002 -0.266662 0.828012 1.2186 -0.341693 1.79135 
0.774659 -0.315704 1.61106 0.154345 -0.341726 2.39498 
0.737442 -0.317425 1.6583 0.116916 -0.343123 2.44207 
0.0950192 -0.331895 2.08119 -0.903218 -0.331602 2.14054 
0.0318867 -0.332061 2.08541 -0.966362 -0.331601 2.14456 
-0.595612 -0.320796 1.84909 -1.35494 -0.312263 1.19844 
-0.643067 -0.320279 1.80895 -1.40213 -0.311736 1.15799 
-1.04099 -0.293827 1.27697 -1.29029 -0.228394 0.310758 
-1.0532 -0.290142 1.22027 -1.30091 -0.224748 0.253645 
-0.830695 -0.239561 0.457557 -0.234505 -0.184601 -0.343403 
-0.791243 -0.235947 0.404017 -0.195462 -0.181013 -0.397249 
-0.0697535 0.00288481 -0.0119928 0.930182 -0.00187832 -0.0223063 
-0.0057776 0.00228119 -0.013721 0.994188 -0.00242623 -0.0205888 
0.542941 -0.00669291 0.240772 1.28386 -0.0331227 0.911849 
0.592967 -0.00817488 0.282081 1.33438 -0.0347237 0.952606 
0.955002 -0.049482 0.77924 1.24263 -0.0969518 1.73581 
0.971579 -0.0525226 0.838006 1.25552 -0.0999387 1.79568 
0.776176 -0.101079 1.62417 0.120154 -0.194317 2.37313 
0.735465 -0.107004 1.67127 0.0795439 -0.200214 2.42032 
0.0936157 -0.118155 2.10107 -0.891705 -0.088601 1.93294 
0.0303434 -0.117352 2.10429 -0.955001 -0.087752 1.9363 
-0.599285 -0.109558 1.85543 -1.37515 -0.0804167 1.22521 
-0.650211 -0.10719 1.8109 -1.4242 -0.0777892 1.17838 
-1.04496 -0.0758884 1.29586 -1.22942 -0.0056577 0.315536 
-1.05663 -0.0715278 1.2352 -1.24348 -0.00154018 0.255306 
-0.830916 -0.0192944 0.45818 -0.207586 0.0271418 -0.3224 
-0.794584 -0.0163498 0.40949 -0.169962 0.0299162 -0.370065 
-0.0763018 0.23473 0.000489906 0.913997 0.208967 0.137032 
-0.0119023 0.233006 -0.0018163 0.97807 0.207457 0.137118 
0.54782 0.224026 0.254934 1.28585 0.195532 0.9291 
0.598247 0.221619 0.295845 1.33454 0.193169 0.971908 
0.951645 0.183245 0.788935 1.14877 0.11821 1.76716 
0.968089 0.179172 0.849681 1.16341 0.114319 1.82827 
0.778406 0.132114 1.64254 0.178343 0.0624159 2.43945 
0.74185 0.128271 1.69003 0.139486 0.0586554 2.48521 
0.0913817 0.111911 2.11772 -0.902477 0.146132 2.01248 
0.0274455 0.113385 2.12162 -0.965824 0.147784 2.01103 
-0.605318 0.122231 1.85982 -1.42521 0.158199 1.28843 
-0.654223 0.125053 1.82037 -1.47354 0.161249 1.24817 
-1.04993 0.157514 1.30399 -1.20151 0.204809 0.316673 
-1.06026 0.160526 1.24052 -1.20857 0.207984 0.25272 
-0.836417 0.210516 0.489127 -0.300059 0.250233 -0.353928 
-0.800149 0.213373 0.428335 -0.267271 0.254373 -0.416863 
-0.857505 -0.239418 1.56402 -0.810553 0.759382 1.57794 
-0.85976 -0.166272 1.56897 -0.811091 0.83246 1.58186 
0.424361 -0.209994 2.01884 0.475501 0.781414 2.13924 
0.424031 -0.142489 2.02224 0.474226 0.849107 2.14148 
0.969204 -0.184267 1.25186 1.01784 0.811649 1.32792 
0.972473 -0.114011 1.25654 1.02119 0.881911 1.33248 
0.195153 -0.119666 0.0394204 0.187579 0.872406 0.164857 
0.196031 -0.0531639 0.039223 0.188849 0.939574 0.159307 
0.948335 -0.189092 1.32802 0.971371 0.807914 1.40183 
0.951272 -0.1193 1.33359 0.973184 0.877781 1.40672 
0.349374 -0.212359 2.05068 0.420048 0.740933 2.34435 
0.351137 -0.1417 2.05849 0.420385 0.813552 2.34606 
